0 2000
160000 165000
170000 172000
246000 255000
443000 446000
496000 502000
659000 664000
688000 692000
753000 756000
769000 772000
801000 827000
839000 841000
865000 867000
874000 885000
890000 893000
926000 928000
934000 939000
948000 979000
1053000 1060000
1065000 1069000
1080000 1081000
1092000 1093000
1099000 1102000
1105000 1109000
1116000 1120000
1123000 1127000
1138000 1142000
1146000 1148000
1152000 1155000
1163000 1164000
1178000 1183000
1187000 1207000
1214000 1216000
1243000 1245000
1252000 1284000
1340000 1342000
1363000 1366000
1390000 1393000
1410000 1415000
1420000 1422000
1459000 1461000
1490000 1514000
1529000 1531000
1656000 1659000
1683000 1686000
1697000 1703000
1174000 1778000
1783000 1787000
1845000 1849000
1887000 1890000
1947000 1950000
2229000 2235000
2310000 2339000
2533000 2535000



